综合心理健康自评量表(SCL-90)
症状自评量表SCL90免费在线测试。SCL-90是医院中常用量表之一，同时也是世界上最著名的综合心理健康测试量表之一。SCL90心理测试量表包含多种心理问题，医院精神科很多心理疾病筛查都会用到，比如抑郁症测试、焦虑症测试、强迫症测试等。SCL90心理测试量表主要适用对象为16岁及以上人群（包括16岁）。
工具介绍
症状自评量表SCL90免费在线测试。SCL-90是医院中常用量表之一，同时也是世界上最著名的综合心理健康测试量表之一。

SCL90心理测试量表包含多种心理问题，医院精神科很多心理疾病筛查都会用到，比如抑郁症测试、焦虑症测试、强迫症测试等。量表包括10个因子，分别为抑郁、焦虑、强迫症状、躯体化、人际关系敏感、敌对、恐怖、偏执、精神病性、睡眠饮食等。

SCL90心理测试量表主要适用对象为16岁及以上人群（包括16岁）。

SCL-90的记分：
一、总分
90个项目单项分相加之和，能反映病情严重程度。

总均分：总分/90，表示从总体情况看，该受测者的自我感觉位于1～5级间哪一个分值程度上。

阳性项目数：单项分≥2的项目数，表示受测者在多少项目上呈现有"症状"。

阴性项目数（又叫阴性项目得分）：单项分=1的项目数，表示受测者"无症状"的项目有多少。

阳性症状均分：（总分-阴性项目数）/阳性项目数，表示受测者在"有症状"项目中的平均得分。反映该受测者自我感觉不佳的项目，其严重程度究竟介于哪个范围。

二、因子分
共包括10个因子，即所有90个项目分为10大类，每一因子反映受测者某一方面的情况。通过因子分可以了解受测者的症状分布特点，并可作阔图（Profile）分析。

SCL-90结果的解释
按照全国常模结果，总分超过160分，或阳性项目数超过43项，或任一因子分超过2分，可考虑筛查阳性，需进一步检查。

SCL-90各因子名称、所包含的项目及简要解释
一、躯体化
包括1、4、12、27、40、42、48、49、52、53、56和58，共12项。该因子主要反映主观的躯体不适感，包括心血管、胃肠道、呼吸等系统的主述不适，以及头痛、背痛、肌肉酸痛和各种心理不适引发的躯体表现。

二、强迫症状
包括3、9、10、28、38、45、46、51、55和65，共10项。该因子与临床强迫症表现的症状、定义基本相同。主要指那种明知没有必要但又无法摆脱的无意义的思想、冲动、行为等表现；还有一些比较一般的感知障碍，如脑子"变空了"，"记忆力不好"等，也在这一因子中反映出来。

三、人际关系敏感
包括6、21、34、36、37、41、61、69和73，共9项。它主要指某些主观的不自在感和自卑感，尤其是在与他人相比较时更突出。自卑、懊丧以及在人际关系中明显不好相处的人，往往是这一因子获高分的对象。

四、抑郁
包括5、14、15、20、22、26、29、30、31、32、54、71和79，共13项。它反映的是与临床上抑郁症状群相联系的广泛的概念。抑郁苦闷的感情和心境是代表性症状，还以对生活的兴趣减退、缺乏活动愿望、丧失活动力等为特征，并包括失望、悲观、与抑郁相联系的其他感知及躯体方面的问题。该因子中有几个项目包括了死亡、自杀等概念。

五、焦虑
包括2、17、23、33、39、57、72、78、80和86，共10个项目。它包括一些通常在临床上明显与焦虑症状相联系的精神症状及体验，一般指那些无法静息、神经过敏、紧张以及由此而产生的躯体征象，那种游离不定的焦虑及惊恐发作是本因子的主要内容，还包括一个反映"解体"的项目。

六、敌对
包括11、24、63、67、74和81，共6项。主要从思维、情感及行为三方面来反映受测者的敌对表现。其项目包括从厌烦、争论、摔物，直至争斗和不可抑制的冲动爆发等各个方面。

七、恐怖
包括13、25、47、50、70、75和82，共7项。它与传统的恐怖状态或广场恐怖所反映的内容基本一致。引起恐怖的因素包括出门旅行、空旷场地、人群、公共场合及交通工具等。此外还有反映社交恐怖的项目。

八、偏执
包括8、18、43、68、76和83，共6项。偏执是一个十分复杂的概念，本因子只是包括了一些基本内容，主要指思维方面，如投射性思维、敌对、猜疑、关系妄想、被动体验与夸大等。

九、精神病性
包括7、16、35、62、77、84、85、87、88和90，共10项。其中有幻听、思维播散、被控制感、思维被插入等反映精神分裂样症状的项目。

十、其他
包括19、44、59、60、64、66及89共7个项目，主要反映睡眠及饮食情况。

1. 头痛 1. 2. 3. 4. 5.

2. 神经过敏，心中不踏实 1. 2. 3. 4. 5.

3. 头脑中有不必要的想法或字句盘旋 1. 2. 3. 4. 5.

4. 头昏或昏倒 1. 2. 3. 4. 5.

5. 对异性的兴趣减退 1. 2. 3. 4. 5.

6. 对旁人责备求全 1. 2. 3. 4. 5.

7. 感到别人能控制你的思想 1. 2. 3. 4. 5.

8. 责怪别人制造麻烦 1. 2. 3. 4. 5.

9. 忘记性大 1. 2. 3. 4. 5.

10. 担心自己的衣饰整齐及仪态的端正 1. 2. 3. 4. 5.

11. 容易烦恼和激动 1. 2. 3. 4. 5.

12. 胸痛 1. 2. 3. 4. 5.

13. 害怕空旷的场所或街道 1. 2. 3. 4. 5.

14. 感到自己的精力下降，活动减慢 1. 2. 3. 4. 5.

15. 想结束自己的生命 1. 2. 3. 4. 5.

16. 听到旁人听不到的声音 1. 2. 3. 4. 5.

17. 发抖 1. 2. 3. 4. 5.

18. 感到大多数人都不可信任 1. 2. 3. 4. 5.

19. 胃口不好 1. 2. 3. 4. 5.

20. 容易哭泣 1. 2. 3. 4. 5.

21. 同异性相处时感到害羞不自在 1. 2. 3. 4. 5.

22. 感到受骗，中了圈套或有人想抓您 1. 2. 3. 4. 5.

23. 无缘无故地突然感到害怕 1. 2. 3. 4. 5.

24. 自己不能控制地大发脾气 1. 2. 3. 4. 5.

25. 怕单独出门 1. 2. 3. 4. 5.

26. 经常责怪自己 1. 2. 3. 4. 5.

27. 腰痛 1. 2. 3. 4. 5.

28. 感到难以完成任务 1. 2. 3. 4. 5.

29. 感到孤独 1. 2. 3. 4. 5.

30. 感到苦闷 1. 2. 3. 4. 5.

31. 过分担忧 1. 2. 3. 4. 5.

32. 对事物不感兴趣 1. 2. 3. 4. 5.

33. 感到害怕 1. 2. 3. 4. 5.

34. 我的感情容易受到伤害 1. 2. 3. 4. 5.

35. 旁人能知道您的私下想法 1. 2. 3. 4. 5.

36. 感到别人不理解您不同情您 1. 2. 3. 4. 5.

37. 感到人们对你不友好，不喜欢你 1. 2. 3. 4. 5.

38. 做事必须做得很慢以保证做得正确 1. 2. 3. 4. 5.

39. 心跳得很厉害 1. 2. 3. 4. 5.

40. 恶心或胃部不舒服 1. 2. 3. 4. 5.

41. 感到比不上他人 1. 2. 3. 4. 5.

42. 肌肉酸痛 1. 2. 3. 4. 5.

43. 感到有人在监视您谈论您 1. 2. 3. 4. 5.

44. 难以入睡 1. 2. 3. 4. 5.

45. 做事必须反复检查 1. 2. 3. 4. 5.

46. 难以作出决定 1. 2. 3. 4. 5.

47. 怕乘电车、公共汽车、地铁或火车 1. 2. 3. 4. 5.

48. 呼吸有困难 1. 2. 3. 4. 5.

49. 一阵阵发冷或发热 1. 2. 3. 4. 5.

50. 因为感到害怕而避开某些东西，场合或活动1. 2. 3. 4. 5.

51. 脑子变空了 1. 2. 3. 4. 5.

52. 身体发麻或刺痛 1. 2. 3. 4. 5.

53. 喉咙有梗塞感 1. 2. 3. 4. 5.

54. 感到对前途没有希望 1. 2. 3. 4. 5.

55. 不能集中注意力 1. 2. 3. 4. 5.

56. 感到身体的某一部分软弱无力 1. 2. 3. 4. 5.

57. 感到紧张或容易紧张 1. 2. 3. 4. 5.

58. 感到手或脚发沉 1. 2. 3. 4. 5.

59. 想到有关死亡的事 1. 2. 3. 4. 5.

60. 吃得太多 1. 2. 3. 4. 5.

61. 当别人看着您或谈论您时感到不自在 1. 2. 3. 4. 5.

62. 有一些不属于您自己的想法 1. 2. 3. 4. 5.

63. 有想打人或伤害他人的冲动 1. 2. 3. 4. 5.

64. 醒得太早 1. 2. 3. 4. 5.

65. 必须反复洗手、点数目或触摸某些东西 1. 2. 3. 4. 5.

66. 睡得不稳不深 1. 2. 3. 4. 5.

67. 有想摔坏或破坏东西的冲动 1. 2. 3. 4. 5.

68. 有一些别人没有的想法或念头 1. 2. 3. 4. 5.

69. 感到对别人神经过敏 1. 2. 3. 4. 5.

70. 在商店或电影院等人多的地方感到不自在1. 2. 3. 4. 5.

71. 感到任何事情都很难做 1. 2. 3. 4. 5.

72. 一阵阵恐惧或惊恐 1. 2. 3. 4. 5.

73. 感到在公共场合吃东西很不舒服 1. 2. 3. 4. 5.

74. 经常与人争论 1. 2. 3. 4. 5.

75. 单独一人时神经很紧张 1. 2. 3. 4. 5.

76. 别人对您的成绩没有作出恰当的评价 1. 2. 3. 4. 5.

77. 即使和别人在一起也感到孤单 1. 2. 3. 4. 5.

78. 感到坐立不安心神不宁 1. 2. 3. 4. 5.

79. 感到自己没有什么价值 1. 2. 3. 4. 5.

80. 感到熟悉的东西变成陌生或不象是真的 1. 2. 3. 4. 5.

81. 大叫或摔东西 1. 2. 3. 4. 5.

82. 害怕会在公共场合昏倒 1. 2. 3. 4. 5.

83. 感到别人想占您的便宜 1. 2. 3. 4. 5.

84. 为一些有关"性"的想法而很苦恼 1. 2. 3. 4. 5.

85. 认为应该因为自己的过错而受到惩罚 1. 2. 3. 4. 5.

86. 感到要赶快把事情做完 1. 2. 3. 4. 5.

87. 感到自己的身体有严重问题 1. 2. 3. 4. 5.

88. 从未感到和其他人很亲近 1. 2. 3. 4. 5.

89. 感到自己有罪 1. 2. 3. 4. 5.

90. 感到自己的脑子有毛病 1. 2. 3. 4. 5.